20,506
20,505
20,504
20,503
20,502
20,501
20,500
20,499
20,498
20,497
20,496
20,495
20,494
20,493
20,492
20,491
20,490
20,489
20,488
20,487
20,486
20,485
20,484
20,483
20,482
20,481
20,480
20,479
20,478
20,477
20,476
20,475
20,474
20,473
20,472
20,471
20,470
20,469
20,468
20,467
20,466
20,465
20,464
20,463
20,462
20,461
20,460
20,459
20,458
20,457
20,456
20,455
20,454
20,453
20,452
20,451
20,450
20,449
20,448
20,441
20,440
20,439
20,438
20,437
20,436
20,435
20,434
20,433
20,432
20,431
20,430
20,429
20,428
20,427
20,426
20,425
20,424
20,423
20,422
20,421
20,420
20,419
20,418
20,417
20,416
20,415
20,414
20,413
20,412
20,411
20,410
20,409
20,408
20,407
20,406
20,405
20,404
20,403
20,402
20,401
20,400
20,399
20,398
20,397
20,396
20,395
20,394
20,393
20,392
20,391
20,390
20,389
20,388
20,387
20,386
20,385
20,384
20,383
20,382
20,381
20,380
20,379
20,378
20,377
20,376
20,375
20,374
20,373
20,372
20,371
20,370
20,369
20,368
20,367
20,366
20,365
20,364
20,363
20,362
20,361
20,360
20,359
20,358
20,357
20,356
20,355
20,354
20,353
20,352
20,351
20,350
20,349
20,348
20,347
20,346
20,345
20,344
20,343
20,342
20,341
20,340
20,339
20,338
20,337
20,336
20,335
20,334
20,333
20,332
20,331
20,330
20,329
20,328
20,327
20,326
20,325
20,324
20,323
20,322
20,321
20,320
20,319
20,318
20,317
20,316
20,315
18,4
19,1
19,3
19,4
20,6
20,8
20,23
20,24
20,26
20,28
20,29
20,31
20,32
20,34
20,36
20,64
20,66
20,67
20,69
20,71
20,72
20,74
20,75
20,77
20,78
20,80
20,82
20,83
20,85
20,86
20,88
20,90
20,91
20,93
20,94
20,96
20,97
20,99
20,101
20,102
20,104
20,105
20,107
20,109
20,110
20,112
20,113
20,115
20,116
20,118
20,120
20,121
20,123
20,124
20,126
20,128
20,129
20,131
20,132
20,134
20,136
20,137
20,139
20,140
20,142
20,143
20,145
20,147
20,148
20,150
20,151
20,153
20,155
20,156
20,158
20,159
20,161
20,162
20,164
20,166
20,168
20,170
20,169
20,165
20,163
20,160
20,157
20,154
20,152
20,149
20,146
20,144
20,141
20,138
20,135
20,133
20,130
20,127
20,125
20,122
20,119
20,117
20,114
20,111
20,108
20,106
20,103
20,100
20,98
20,95
20,92
20,89
20,87
20,84
20,81
20,79
20,76
20,73
20,70
20,68
20,65
20,35
20,33
20,30
20,27
20,25
20,9
20,5
19,2
19,0
18,3
18,2
18,1
18,0
17,4
17,3
17,2
17,1
17,0
16,3
16,2
16,1
16,0
15,6
15,5
15,4
15,3
15,2
15,1
15,0
14,13
14,12
14,10
14,9
14,8
14,7
14,5
14,4
13,2
13,1
13,0
11,4
11,3
11,2
11,1
11,0
10,2
10,1
10,0
9,3
9,2
9,1
9,0
8,4
8,3
8,2
8,1
8,0
7,3
7,2
7,1
7,0
6,4
6,3
6,2
6,1
6,0
5,4
5,3
5,2
5,1
5,0
4,3
0,9
20,507
20,508
20,510
20,511
20,1
14,1
20,509
20,184
20,183
20,182
20,181
20,180
20,179
20,178
20,177
20,176
20,175
20,174
20,173
20,172
20,171
20,167
20,4
20,3
20,2
20,0
14,27
14,26
14,25
14,24
14,23
14,22
14,21
14,20
14,19
14,18
14,17
14,16
14,15
14,14
14,11
14,6
14,3
14,2
14,0
13,4
13,3
10,5
10,4
10,3
2,3
1,3
0,243
0,1
0,300
0,299
0,298
0,297
0,296
0,295
0,294
0,293
0,292
0,291
0,290
0,289
0,288
0,287
0,286
0,285
0,284
0,283
0,282
0,281
0,280
0,279
0,278
0,277
0,276
0,275
0,274
0,273
0,272
0,271
0,270
0,269
0,268
0,267
0,266
0,265
0,264
0,263
0,262
0,261
0,260
0,259
0,258
0,257
0,256
0,255
0,254
0,253
0,252
0,251
0,250
0,249
0,248
0,247
0,246
0,245
0,244
0,242
0,241
0,240
0,239
0,238
0,237
0,236
0,235
0,234
0,233
0,232
0,231
0,230
0,229
0,228
0,227
0,226
0,225
0,224
0,223
0,222
0,221
0,220
0,219
0,218
0,217
0,216
0,215
0,214
0,213
0,212
0,211
0,210
0,209
0,208
0,207
0,206
0,205
0,204
0,203
0,202
0,201
0,200
0,199
0,198
0,197
0,196
0,195
0,194
0,193
0,192
0,63
0,62
0,61
0,60
0,59
0,58
0,57
0,56
0,55
0,54
0,53
0,52
0,51
0,50
0,49
0,48
0,47
0,46
0,45
0,6
0,0
0,5
0,304
0,303
0,306
0,305
0,302
0,12
0,10
0,8
0,11
0,2
0,4
0,3
0,7
